image_width: 1280
image_height: 720
camera_name: lifecam
camera_matrix:
  rows: 3
  cols: 3
  data: [1238.0029280957356, 0.0, 599.1796438969399, 0.0, 1220.699799756296, 319.07193939755314, 0.0, 0.0, 1.0]
distortion_model: plumb_bob
distortion_coefficients:
  rows: 1
  cols: 5
  data: [0.0479892144910192, -0.029422837208584254, -0.0033006716744372914, -0.015548304200693506, 0.0]
rectification_matrix:
  rows: 3
  cols: 3
  data: [1.0, 0.0, 0.0, 0.0, 1.0, 0.0, 0.0, 0.0, 1.0]
projection_matrix:
  rows: 3
  cols: 4
  data: [1249.5731201171875, 0.0, 583.3205123098014, 0.0, 0.0, 1250.35546875, 316.9772401491646, 0.0, 0.0, 0.0, 1.0, 0.0]