image_width: 1280
image_height: 720
camera_name: webcam
camera_matrix:
  rows: 3
  cols: 3
  data: [1044.114065277868, 0.0, 583.3041253065954, 0.0, 1038.7261300428213, 339.98756073603636, 0.0, 0.0, 1.0]
distortion_model: plumb_bob
distortion_coefficients:
  rows: 1
  cols: 5
  data: [0.060817229544697905, -0.010772272220967742, -0.010600654939280873, -0.02122048590315765, 0.00]
rectification_matrix:
  rows: 3
  cols: 3
  data: [1.0, 0.0, 0.0, 0.0, 1.0, 0.0, 0.0, 0.0, 1.0]
projection_matrix:
  rows: 3
  cols: 4
  data: [1067.7061767578125, 0.0, 560.1804859619806, 0.0, 0.0, 1081.7347412109375, 333.2143061031311, 0.0, 0.0, 0.0, 1.0, 0.0]