image_width: 3264
image_height: 2448
camera_name: uvc1
camera_matrix:
  rows: 3
  cols: 3
  data: [2680.8892935399685, 0.0, 1694.7268499261638, 0.0, 2645.7980916161296, 1204.9021489800925, 0.0, 0.0, 1.0]
distortion_model: plumb_bob
distortion_coefficients:
  rows: 1
  cols: 5
  data: [0.15793344600869413, -0.31984367723472634, -0.003828919056668635, 0.011689661962951925, 0.0]
rectification_matrix:
  rows: 3
  cols: 3
  data: [1.0, 0.0, 0.0, 0.0, 1.0, 0.0, 0.0, 0.0, 1.0]
projection_matrix:
  rows: 3
  cols: 4
  data: [2711.742431640625, 0.0, 1733.9948026865604, 0.0, 0.0, 2711.57958984375, 1197.2973658831324, 0.0, 0.0, 0.0, 1.0, 0.0]